0.088, 0.044, 0.097, 0.017, 0.754, 5.8148376e-04
0.000, 0.070, 0.044, 0.083, 0.803, 5.6931844e-04
0.159, 0.114, 0.000, 0.000, 0.727, 5.9298482e-04
0.177, 0.079, 0.009, 0.099, 0.636, 6.8191905e-04
0.088, 0.097, 0.000, 0.017, 0.798, 5.5753922e-04
0.018, 0.088, 0.062, 0.050, 0.783, 5.7233880e-04
0.159, 0.009, 0.062, 0.000, 0.771, 5.7061044e-04
0.177, 0.053, 0.026, 0.033, 0.711, 6.1179372e-04
0.000, 0.000, 0.106, 0.033, 0.861, 5.3224429e-04
0.071, 0.026, 0.079, 0.017, 0.807, 5.5393361e-04
0.247, 0.026, 0.053, 0.000, 0.673, 6.3077153e-04
0.159, 0.053, 0.044, 0.000, 0.744, 5.8408695e-04
0.000, 0.123, 0.035, 0.182, 0.659, 6.8657064e-04
0.000, 0.053, 0.097, 0.083, 0.768, 5.8883304e-04
0.018, 0.044, 0.079, 0.017, 0.843, 5.3683827e-04
0.071, 0.009, 0.106, 0.149, 0.666, 6.7405499e-04
0.088, 0.062, 0.062, 0.000, 0.788, 5.5936710e-04
0.141, 0.070, 0.018, 0.133, 0.638, 6.8927473e-04
0.053, 0.044, 0.088, 0.182, 0.633, 7.1048477e-04
0.071, 0.035, 0.106, 0.083, 0.706, 6.2727476e-04
0.053, 0.114, 0.009, 0.215, 0.608, 7.3954040e-04
0.000, 0.150, 0.009, 0.033, 0.808, 5.5523518e-04
0.230, 0.053, 0.044, 0.000, 0.673, 6.2951770e-04
0.230, 0.000, 0.097, 0.017, 0.657, 6.4732483e-04
0.018, 0.132, 0.009, 0.166, 0.676, 6.6782321e-04
0.035, 0.097, 0.053, 0.199, 0.616, 7.2931553e-04
0.071, 0.079, 0.053, 0.149, 0.648, 6.8625961e-04
0.071, 0.053, 0.070, 0.000, 0.806, 5.5062542e-04
0.124, 0.062, 0.053, 0.017, 0.745, 5.8647187e-04
0.053, 0.070, 0.062, 0.182, 0.633, 7.0938861e-04
0.035, 0.053, 0.062, 0.066, 0.784, 5.7575112e-04
0.035, 0.026, 0.088, 0.232, 0.618, 7.3900024e-04
0.212, 0.009, 0.088, 0.033, 0.658, 6.5017613e-04
0.018, 0.053, 0.088, 0.149, 0.692, 6.5331585e-04
0.194, 0.009, 0.079, 0.017, 0.701, 6.1570254e-04
0.106, 0.070, 0.044, 0.000, 0.780, 5.6395284e-04
0.088, 0.000, 0.106, 0.149, 0.657, 6.8127509e-04
0.018, 0.009, 0.097, 0.166, 0.711, 6.4472821e-04
0.035, 0.062, 0.079, 0.000, 0.824, 5.4185760e-04
0.018, 0.018, 0.114, 0.050, 0.801, 5.6403927e-04
0.106, 0.000, 0.114, 0.033, 0.746, 5.9066103e-04
0.053, 0.018, 0.114, 0.017, 0.798, 5.5807227e-04
0.141, 0.026, 0.070, 0.050, 0.712, 6.1528991e-04
0.000, 0.018, 0.132, 0.066, 0.784, 5.7637925e-04
0.088, 0.035, 0.053, 0.133, 0.691, 6.4931686e-04
0.106, 0.035, 0.079, 0.083, 0.697, 6.3320324e-04
0.194, 0.070, 0.044, 0.000, 0.691, 6.1638814e-04
0.053, 0.009, 0.088, 0.099, 0.751, 6.0285709e-04
0.018, 0.079, 0.044, 0.265, 0.594, 7.7211028e-04
0.018, 0.070, 0.035, 0.166, 0.711, 6.4309004e-04
0.141, 0.088, 0.035, 0.050, 0.686, 6.3127474e-04
0.018, 0.026, 0.123, 0.199, 0.634, 7.1613590e-04
0.000, 0.088, 0.062, 0.116, 0.734, 6.1592626e-04
0.035, 0.000, 0.114, 0.215, 0.635, 7.1967508e-04
0.106, 0.114, 0.000, 0.000, 0.780, 5.6337004e-04
0.035, 0.009, 0.141, 0.066, 0.749, 5.9651479e-04
0.000, 0.009, 0.114, 0.249, 0.628, 7.3630247e-04
0.053, 0.141, 0.000, 0.199, 0.607, 7.3511673e-04
0.000, 0.035, 0.079, 0.099, 0.786, 5.8221209e-04
0.177, 0.018, 0.097, 0.033, 0.676, 6.3646897e-04
0.124, 0.044, 0.062, 0.133, 0.638, 6.9060472e-04
0.265, 0.026, 0.035, 0.017, 0.657, 6.4716259e-04
0.018, 0.114, 0.026, 0.066, 0.775, 5.7974447e-04
0.141, 0.044, 0.079, 0.099, 0.636, 6.8360374e-04
0.053, 0.097, 0.035, 0.116, 0.699, 6.3852589e-04
0.071, 0.070, 0.026, 0.215, 0.617, 7.3192636e-04
0.141, 0.000, 0.123, 0.050, 0.686, 6.3382847e-04
0.159, 0.026, 0.088, 0.050, 0.677, 6.3945536e-04
0.088, 0.114, 0.000, 0.116, 0.681, 6.5017502e-04
0.053, 0.035, 0.070, 0.083, 0.759, 5.9392877e-04
0.000, 0.079, 0.053, 0.099, 0.769, 5.9150946e-04
0.035, 0.141, 0.000, 0.000, 0.824, 5.4119164e-04
0.018, 0.106, 0.009, 0.116, 0.752, 6.0422707e-04
0.000, 0.114, 0.018, 0.116, 0.752, 6.0430358e-04
0.035, 0.088, 0.044, 0.050, 0.783, 5.7231641e-04
0.106, 0.018, 0.097, 0.099, 0.680, 6.4970332e-04
0.071, 0.114, 0.009, 0.133, 0.674, 6.6036553e-04
0.124, 0.106, 0.000, 0.066, 0.704, 6.2210789e-04
0.124, 0.009, 0.079, 0.099, 0.689, 6.4352767e-04
0.124, 0.079, 0.035, 0.066, 0.696, 6.2872644e-04
0.000, 0.044, 0.088, 0.083, 0.785, 5.7903250e-04
0.194, 0.044, 0.026, 0.099, 0.636, 6.8337822e-04
0.035, 0.035, 0.106, 0.199, 0.625, 7.2332672e-04
0.088, 0.018, 0.079, 0.182, 0.633, 7.1041612e-04
0.159, 0.079, 0.000, 0.066, 0.695, 6.2891584e-04
0.000, 0.106, 0.009, 0.083, 0.803, 5.6888888e-04
0.124, 0.026, 0.070, 0.149, 0.630, 7.0244291e-04
0.053, 0.088, 0.018, 0.116, 0.725, 6.2078182e-04
0.088, 0.079, 0.026, 0.000, 0.806, 5.5054949e-04
0.212, 0.053, 0.026, 0.050, 0.659, 6.5200354e-04
0.071, 0.097, 0.018, 0.066, 0.749, 5.9483750e-04
0.035, 0.114, 0.018, 0.149, 0.684, 6.5771809e-04
0.106, 0.088, 0.018, 0.099, 0.689, 6.4116257e-04
0.035, 0.079, 0.026, 0.182, 0.677, 6.7198710e-04
0.053, 0.062, 0.044, 0.199, 0.643, 7.0509789e-04
0.106, 0.053, 0.062, 0.066, 0.713, 6.1759417e-04
0.071, 0.079, 0.053, 0.166, 0.632, 7.0510790e-04
0.000, 0.000, 0.106, 0.050, 0.845, 5.4291190e-04
0.000, 0.123, 0.035, 0.199, 0.643, 7.0526101e-04
0.088, 0.044, 0.097, 0.033, 0.738, 5.9486694e-04
0.053, 0.114, 0.009, 0.232, 0.592, 7.6124848e-04
0.000, 0.150, 0.009, 0.050, 0.792, 5.6704963e-04
0.018, 0.009, 0.097, 0.182, 0.694, 6.6094290e-04
0.230, 0.053, 0.044, 0.017, 0.657, 6.4545747e-04
0.230, 0.000, 0.106, 0.000, 0.665, 6.3736028e-04
0.124, 0.062, 0.053, 0.033, 0.729, 6.0002627e-04
0.177, 0.053, 0.026, 0.050, 0.694, 6.2659908e-04
0.000, 0.018, 0.132, 0.083, 0.768, 5.8932518e-04
0.212, 0.009, 0.097, 0.000, 0.682, 6.2440196e-04
0.088, 0.000, 0.106, 0.166, 0.640, 6.9980532e-04
0.088, 0.097, 0.000, 0.033, 0.782, 5.6944076e-04
0.159, 0.009, 0.062, 0.017, 0.754, 5.8324980e-04
0.141, 0.088, 0.035, 0.066, 0.669, 6.4727781e-04
0.194, 0.009, 0.079, 0.033, 0.684, 6.3086160e-04
0.088, 0.062, 0.062, 0.017, 0.772, 5.7152686e-04
0.035, 0.062, 0.079, 0.017, 0.807, 5.5313985e-04
0.018, 0.044, 0.079, 0.033, 0.826, 5.4776884e-04
0.018, 0.053, 0.088, 0.166, 0.676, 6.7018204e-04
0.194, 0.070, 0.044, 0.017, 0.675, 6.3180619e-04
0.053, 0.018, 0.114, 0.033, 0.782, 5.7028167e-04
0.000, 0.035, 0.079, 0.116, 0.770, 5.9516259e-04
0.141, 0.053, 0.018, 0.000, 0.788, 5.6050983e-04
0.000, 0.053, 0.097, 0.099, 0.751, 6.0236767e-04
0.159, 0.114, 0.000, 0.017, 0.710, 6.0686104e-04
0.071, 0.035, 0.106, 0.099, 0.689, 6.4299338e-04
0.018, 0.079, 0.053, 0.000, 0.850, 5.2996838e-04
0.177, 0.079, 0.009, 0.116, 0.619, 7.0050561e-04
0.071, 0.026, 0.079, 0.033, 0.791, 5.6574735e-04
0.071, 0.009, 0.106, 0.166, 0.649, 6.9218216e-04
0.035, 0.106, 0.000, 0.017, 0.842, 5.3645559e-04
0.141, 0.070, 0.018, 0.149, 0.621, 7.0811439e-04
0.000, 0.088, 0.062, 0.133, 0.718, 6.3078732e-04
0.018, 0.106, 0.009, 0.133, 0.735, 6.1826416e-04
0.053, 0.070, 0.062, 0.199, 0.616, 7.2956054e-04
0.018, 0.088, 0.062, 0.066, 0.766, 5.8510102e-04
0.035, 0.141, 0.000, 0.017, 0.807, 5.5237513e-04
0.106, 0.035, 0.079, 0.099, 0.680, 6.4913858e-04
0.018, 0.132, 0.009, 0.182, 0.659, 6.8529693e-04
0.053, 0.035, 0.070, 0.099, 0.742, 6.0759617e-04
0.106, 0.000, 0.114, 0.050, 0.730, 6.0443280e-04
0.159, 0.053, 0.044, 0.017, 0.728, 5.9749956e-04
0.000, 0.009, 0.114, 0.265, 0.612, 7.5775359e-04
0.035, 0.053, 0.062, 0.083, 0.767, 5.8859538e-04
0.018, 0.114, 0.026, 0.083, 0.759, 5.9273261e-04
0.071, 0.114, 0.009, 0.149, 0.657, 6.7758331e-04
0.088, 0.114, 0.000, 0.133, 0.665, 6.6686603e-04
0.000, 0.044, 0.088, 0.099, 0.769, 5.9203994e-04
0.177, 0.018, 0.097, 0.050, 0.659, 6.5292141e-04
0.035, 0.035, 0.114, 0.000, 0.815, 5.4627966e-04
0.018, 0.018, 0.114, 0.066, 0.784, 5.7637618e-04
0.035, 0.114, 0.018, 0.166, 0.667, 6.7480121e-04
0.035, 0.009, 0.141, 0.083, 0.732, 6.1066112e-04
0.018, 0.070, 0.035, 0.182, 0.694, 6.5909832e-04
0.053, 0.044, 0.088, 0.199, 0.616, 7.3074370e-04
0.035, 0.088, 0.044, 0.066, 0.766, 5.8497454e-04
0.106, 0.114, 0.000, 0.017, 0.763, 5.7555665e-04
0.071, 0.053, 0.070, 0.017, 0.790, 5.6234113e-04
0.247, 0.026, 0.053, 0.017, 0.657, 6.4680298e-04
0.071, 0.070, 0.026, 0.232, 0.601, 7.5312688e-04
0.141, 0.000, 0.123, 0.066, 0.669, 6.5001976e-04
0.141, 0.026, 0.070, 0.066, 0.696, 6.3025638e-04
0.053, 0.097, 0.035, 0.133, 0.682, 6.5460025e-04
0.124, 0.044, 0.062, 0.149, 0.622, 7.0974003e-04
0.088, 0.018, 0.079, 0.199, 0.616, 7.3050109e-04
0.159, 0.026, 0.088, 0.066, 0.660, 6.5593107e-04
0.124, 0.026, 0.079, 0.000, 0.771, 5.6950603e-04
0.000, 0.106, 0.009, 0.099, 0.786, 5.8110145e-04
0.000, 0.070, 0.044, 0.099, 0.786, 5.8164314e-04
0.088, 0.035, 0.062, 0.000, 0.815, 5.4697450e-04
0.053, 0.141, 0.009, 0.066, 0.731, 6.0471496e-04
0.035, 0.000, 0.114, 0.232, 0.618, 7.4030792e-04
0.053, 0.009, 0.088, 0.116, 0.734, 6.1689051e-04
0.053, 0.088, 0.018, 0.133, 0.709, 6.3570062e-04
0.106, 0.070, 0.044, 0.017, 0.763, 5.7628469e-04
0.124, 0.079, 0.035, 0.083, 0.679, 6.4438391e-04
0.194, 0.044, 0.026, 0.116, 0.619, 7.0203759e-04
0.159, 0.079, 0.000, 0.083, 0.679, 6.4446341e-04
0.000, 0.114, 0.018, 0.133, 0.735, 6.1837052e-04
0.035, 0.026, 0.097, 0.000, 0.841, 5.3422184e-04
0.124, 0.106, 0.000, 0.083, 0.688, 6.3740999e-04
0.018, 0.026, 0.132, 0.066, 0.758, 5.9109837e-04
0.000, 0.079, 0.053, 0.116, 0.752, 6.0496176e-04
0.106, 0.018, 0.097, 0.116, 0.664, 6.6657663e-04
0.212, 0.053, 0.026, 0.066, 0.642, 6.6906039e-04
0.265, 0.026, 0.035, 0.033, 0.640, 6.6403090e-04
0.071, 0.097, 0.018, 0.083, 0.732, 6.0862875e-04
0.124, 0.009, 0.079, 0.116, 0.672, 6.5983851e-04
0.053, 0.062, 0.044, 0.215, 0.626, 7.2458265e-04
0.106, 0.053, 0.062, 0.083, 0.697, 6.3270884e-04
0.088, 0.079, 0.026, 0.017, 0.789, 5.6216208e-04
0.106, 0.088, 0.018, 0.116, 0.672, 6.5739742e-04
0.035, 0.079, 0.026, 0.199, 0.660, 6.8959571e-04
0.000, 0.000, 0.106, 0.066, 0.828, 5.5398430e-04
0.088, 0.044, 0.097, 0.050, 0.721, 6.0891764e-04
0.071, 0.079, 0.053, 0.182, 0.615, 7.2501585e-04
0.000, 0.123, 0.035, 0.215, 0.626, 7.2506258e-04
0.141, 0.070, 0.026, 0.000, 0.762, 5.7368579e-04
0.018, 0.009, 0.106, 0.000, 0.868, 5.2293667e-04
0.230, 0.053, 0.053, 0.000, 0.665, 6.3574580e-04
0.088, 0.062, 0.062, 0.033, 0.755, 5.8426985e-04
0.088, 0.097, 0.000, 0.050, 0.765, 5.8185645e-04
0.053, 0.114, 0.018, 0.000, 0.815, 5.4561363e-04
0.177, 0.053, 0.026, 0.066, 0.678, 6.4207982e-04
0.141, 0.088, 0.035, 0.083, 0.653, 6.6415633e-04
0.053, 0.018, 0.114, 0.050, 0.765, 5.8301755e-04
0.088, 0.000, 0.106, 0.182, 0.624, 7.1943842e-04
0.000, 0.018, 0.132, 0.099, 0.751, 6.0295331e-04
0.018, 0.079, 0.053, 0.017, 0.834, 5.4047176e-04
0.230, 0.009, 0.044, 0.000, 0.717, 6.0229155e-04
0.035, 0.062, 0.079, 0.033, 0.791, 5.6501994e-04
0.018, 0.044, 0.079, 0.050, 0.809, 5.5935586e-04
0.000, 0.053, 0.097, 0.116, 0.734, 6.1662130e-04
0.018, 0.106, 0.009, 0.149, 0.719, 6.3298440e-04
0.053, 0.044, 0.097, 0.000, 0.806, 5.5050182e-04
0.194, 0.009, 0.079, 0.050, 0.668, 6.4677417e-04
0.000, 0.088, 0.062, 0.149, 0.701, 6.4635080e-04
0.000, 0.035, 0.079, 0.133, 0.753, 6.0882770e-04
0.053, 0.097, 0.035, 0.149, 0.666, 6.7153427e-04
0.106, 0.000, 0.114, 0.066, 0.713, 6.1891119e-04
0.035, 0.053, 0.062, 0.099, 0.751, 6.0197425e-04
0.071, 0.009, 0.106, 0.182, 0.633, 7.1128640e-04
0.000, 0.150, 0.009, 0.066, 0.775, 5.7946285e-04
0.141, 0.000, 0.123, 0.083, 0.653, 6.6723865e-04
0.035, 0.141, 0.000, 0.033, 0.791, 5.6396352e-04
0.071, 0.035, 0.106, 0.116, 0.673, 6.5960781e-04
0.053, 0.070, 0.070, 0.000, 0.806, 5.5025604e-04
0.159, 0.009, 0.062, 0.033, 0.737, 5.9651009e-04
0.018, 0.132, 0.009, 0.199, 0.643, 7.0393133e-04
0.124, 0.044, 0.070, 0.000, 0.762, 5.7389132e-04
0.018, 0.088, 0.062, 0.083, 0.750, 5.9845864e-04
0.071, 0.026, 0.079, 0.050, 0.774, 5.7811694e-04
0.177, 0.026, 0.044, 0.000, 0.753, 5.8011942e-04
0.018, 0.053, 0.088, 0.182, 0.659, 6.8807668e-04
0.035, 0.009, 0.141, 0.099, 0.716, 6.2546283e-04
0.212, 0.009, 0.097, 0.017, 0.666, 6.4018787e-04
0.124, 0.106, 0.000, 0.099, 0.671, 6.5338710e-04
0.071, 0.114, 0.009, 0.166, 0.640, 6.9575556e-04
0.018, 0.070, 0.035, 0.199, 0.678, 6.7601578e-04
0.124, 0.062, 0.053, 0.050, 0.712, 6.1426537e-04
0.088, 0.035, 0.062, 0.017, 0.798, 5.5840776e-04
0.194, 0.070, 0.044, 0.033, 0.658, 6.4790230e-04
0.106, 0.035, 0.079, 0.116, 0.664, 6.6596594e-04
0.035, 0.000, 0.123, 0.000, 0.841, 5.3447778e-04
0.053, 0.035, 0.070, 0.116, 0.725, 6.2193260e-04
0.106, 0.070, 0.044, 0.033, 0.746, 5.8927356e-04
0.035, 0.106, 0.000, 0.033, 0.826, 5.4731662e-04
0.212, 0.053, 0.026, 0.083, 0.626, 6.8704922e-04
0.035, 0.035, 0.114, 0.017, 0.798, 5.5780379e-04
0.000, 0.044, 0.088, 0.116, 0.752, 6.0556595e-04
0.018, 0.018, 0.114, 0.083, 0.767, 5.8924149e-04
0.124, 0.026, 0.079, 0.017, 0.754, 5.8215154e-04
0.088, 0.114, 0.000, 0.149, 0.648, 6.8442695e-04
0.141, 0.053, 0.018, 0.017, 0.772, 5.7251679e-04
0.071, 0.053, 0.070, 0.033, 0.773, 5.7459721e-04
0.053, 0.088, 0.018, 0.149, 0.692, 6.5142702e-04
0.000, 0.009, 0.123, 0.000, 0.868, 5.2278160e-04
0.194, 0.044, 0.035, 0.000, 0.726, 5.9518666e-04
0.000, 0.079, 0.053, 0.133, 0.735, 6.1913121e-04
0.141, 0.026, 0.070, 0.083, 0.679, 6.4603301e-04
0.088, 0.018, 0.088, 0.000, 0.806, 5.5131404e-04
0.035, 0.114, 0.018, 0.182, 0.650, 6.9270475e-04
0.265, 0.026, 0.044, 0.000, 0.664, 6.3746776e-04
0.159, 0.053, 0.044, 0.033, 0.711, 6.1158864e-04
0.053, 0.141, 0.009, 0.083, 0.715, 6.1917497e-04
0.035, 0.088, 0.044, 0.083, 0.750, 5.9830692e-04
0.159, 0.114, 0.000, 0.033, 0.693, 6.2136476e-04
0.159, 0.026, 0.088, 0.083, 0.644, 6.7334180e-04
0.053, 0.009, 0.088, 0.133, 0.718, 6.3172655e-04
0.000, 0.114, 0.018, 0.149, 0.719, 6.3319286e-04
0.000, 0.106, 0.009, 0.116, 0.770, 5.9402011e-04
0.018, 0.114, 0.026, 0.099, 0.742, 6.0645978e-04
0.177, 0.079, 0.018, 0.000, 0.726, 5.9399322e-04
0.018, 0.026, 0.132, 0.083, 0.741, 6.0493599e-04
0.247, 0.026, 0.062, 0.000, 0.665, 6.3691029e-04
0.071, 0.070, 0.035, 0.000, 0.824, 5.4222323e-04
0.000, 0.070, 0.044, 0.116, 0.770, 5.9448431e-04
0.035, 0.026, 0.097, 0.017, 0.825, 5.4512763e-04
0.106, 0.114, 0.000, 0.033, 0.746, 5.8843433e-04
0.106, 0.018, 0.097, 0.133, 0.647, 6.8436594e-04
0.053, 0.062, 0.044, 0.232, 0.609, 7.4536232e-04
0.124, 0.079, 0.035, 0.099, 0.662, 6.6096257e-04
0.124, 0.009, 0.079, 0.133, 0.656, 6.7710639e-04
0.159, 0.079, 0.000, 0.099, 0.662, 6.6076226e-04
0.088, 0.079, 0.026, 0.033, 0.773, 5.7433266e-04
0.106, 0.053, 0.062, 0.099, 0.680, 6.4858538e-04
0.106, 0.088, 0.018, 0.133, 0.656, 6.7440270e-04
0.071, 0.097, 0.018, 0.099, 0.715, 6.2307900e-04
0.035, 0.079, 0.026, 0.215, 0.644, 7.0820972e-04
0.000, 0.000, 0.106, 0.083, 0.812, 5.6564577e-04
0.088, 0.044, 0.097, 0.066, 0.705, 6.2371997e-04
0.141, 0.070, 0.026, 0.017, 0.745, 5.8653665e-04
0.088, 0.000, 0.114, 0.000, 0.797, 5.5575309e-04
0.000, 0.123, 0.035, 0.232, 0.610, 7.4590688e-04
0.088, 0.097, 0.000, 0.066, 0.749, 5.9485712e-04
0.141, 0.088, 0.035, 0.099, 0.636, 6.8185940e-04
0.018, 0.009, 0.106, 0.017, 0.851, 5.3325475e-04
0.230, 0.053, 0.053, 0.017, 0.648, 6.5209539e-04
0.000, 0.018, 0.132, 0.116, 0.734, 6.1725218e-04
0.053, 0.114, 0.018, 0.017, 0.798, 5.5702470e-04
0.000, 0.053, 0.097, 0.133, 0.718, 6.3150077e-04
0.053, 0.018, 0.114, 0.066, 0.749, 5.9630410e-04
0.018, 0.044, 0.079, 0.066, 0.793, 5.7124111e-04
0.000, 0.088, 0.062, 0.166, 0.685, 6.6292793e-04
0.177, 0.053, 0.026, 0.083, 0.661, 6.5844475e-04
0.000, 0.035, 0.079, 0.149, 0.736, 6.2313105e-04
0.071, 0.114, 0.009, 0.182, 0.624, 7.1499570e-04
0.000, 0.150, 0.009, 0.083, 0.759, 5.9248482e-04
0.071, 0.026, 0.079, 0.066, 0.757, 5.9107047e-04
0.071, 0.079, 0.062, 0.000, 0.789, 5.5896317e-04
0.018, 0.106, 0.009, 0.166, 0.702, 6.4845452e-04
0.035, 0.062, 0.079, 0.050, 0.774, 5.7746934e-04
0.106, 0.000, 0.114, 0.083, 0.697, 6.3412307e-04
0.018, 0.132, 0.009, 0.215, 0.626, 7.2348493e-04
0.106, 0.035, 0.079, 0.133, 0.647, 6.8370679e-04
0.106, 0.070, 0.044, 0.050, 0.730, 6.0289832e-04
0.018, 0.079, 0.053, 0.033, 0.817, 5.5162032e-04
0.141, 0.009, 0.062, 0.000, 0.788, 5.6117420e-04
0.194, 0.070, 0.044, 0.050, 0.641, 6.6492582e-04
0.035, 0.000, 0.123, 0.017, 0.825, 5.4540457e-04
0.212, 0.018, 0.044, 0.000, 0.726, 5.9626456e-04
0.230, 0.009, 0.053, 0.000, 0.709, 6.0769016e-04
0.035, 0.053, 0.062, 0.116, 0.734, 6.1605654e-04
0.053, 0.070, 0.070, 0.017, 0.790, 5.6196483e-04
0.053, 0.044, 0.097, 0.017, 0.790, 5.6232380e-04
0.124, 0.044, 0.070, 0.017, 0.745, 5.8682946e-04
0.088, 0.062, 0.062, 0.050, 0.739, 5.9767106e-04
0.053, 0.088, 0.018, 0.166, 0.676, 6.6798968e-04
0.194, 0.009, 0.079, 0.066, 0.651, 6.6363154e-04
0.159, 0.009, 0.062, 0.050, 0.721, 6.1043424e-04
0.018, 0.070, 0.044, 0.017, 0.851, 5.3280281e-04
0.071, 0.009, 0.114, 0.000, 0.806, 5.5116156e-04
0.141, 0.053, 0.026, 0.000, 0.779, 5.6491145e-04
0.035, 0.141, 0.000, 0.050, 0.774, 5.7628095e-04
0.177, 0.026, 0.044, 0.017, 0.736, 5.9320702e-04
0.053, 0.097, 0.035, 0.166, 0.649, 6.8947030e-04
0.071, 0.053, 0.070, 0.050, 0.756, 5.8753070e-04
0.124, 0.106, 0.000, 0.116, 0.655, 6.7031419e-04
0.053, 0.009, 0.088, 0.149, 0.701, 6.4727713e-04
0.124, 0.062, 0.053, 0.066, 0.696, 6.2917121e-04
0.035, 0.106, 0.000, 0.050, 0.809, 5.5853429e-04
0.000, 0.106, 0.009, 0.133, 0.753, 6.0748430e-04
0.000, 0.044, 0.088, 0.133, 0.735, 6.1979922e-04
0.141, 0.026, 0.070, 0.099, 0.662, 6.6267383e-04
0.018, 0.053, 0.088, 0.199, 0.643, 7.0690521e-04
0.035, 0.009, 0.141, 0.116, 0.699, 6.4112078e-04
0.000, 0.079, 0.053, 0.149, 0.719, 6.3402524e-04
0.018, 0.088, 0.062, 0.099, 0.733, 6.1240489e-04
0.088, 0.018, 0.088, 0.017, 0.789, 5.6300726e-04
0.035, 0.088, 0.044, 0.099, 0.733, 6.1220285e-04
0.265, 0.026, 0.044, 0.017, 0.648, 6.5373934e-04
0.000, 0.009, 0.123, 0.017, 0.851, 5.3302936e-04
0.177, 0.079, 0.018, 0.017, 0.710, 6.0792549e-04
0.159, 0.053, 0.044, 0.050, 0.694, 6.2636017e-04
0.159, 0.026, 0.097, 0.000, 0.718, 6.0014577e-04
0.071, 0.035, 0.106, 0.133, 0.656, 6.7710175e-04
0.053, 0.141, 0.009, 0.099, 0.698, 6.3425953e-04
0.053, 0.035, 0.070, 0.133, 0.709, 6.3711012e-04
0.247, 0.026, 0.062, 0.017, 0.648, 6.5336571e-04
0.000, 0.070, 0.044, 0.133, 0.753, 6.0815540e-04
0.018, 0.018, 0.114, 0.099, 0.751, 6.0277122e-04
0.035, 0.035, 0.114, 0.033, 0.782, 5.7002226e-04
0.088, 0.035, 0.062, 0.033, 0.782, 5.7039747e-04
0.212, 0.053, 0.035, 0.000, 0.700, 6.1159803e-04
0.106, 0.114, 0.000, 0.050, 0.730, 6.0194891e-04
0.071, 0.070, 0.035, 0.017, 0.807, 5.5338685e-04
0.000, 0.114, 0.018, 0.166, 0.702, 6.4878166e-04
0.035, 0.026, 0.097, 0.033, 0.808, 5.5656848e-04
0.088, 0.114, 0.000, 0.166, 0.632, 7.0292915e-04
0.159, 0.114, 0.000, 0.050, 0.677, 6.3679559e-04
0.124, 0.026, 0.079, 0.033, 0.738, 5.9547207e-04
0.106, 0.088, 0.018, 0.149, 0.639, 6.9248225e-04
0.053, 0.062, 0.053, 0.000, 0.833, 5.3807340e-04
0.124, 0.079, 0.035, 0.116, 0.646, 6.7845087e-04
0.018, 0.026, 0.132, 0.099, 0.725, 6.1945469e-04
0.018, 0.114, 0.026, 0.116, 0.726, 6.2074867e-04
0.106, 0.053, 0.062, 0.116, 0.664, 6.6531232e-04
0.159, 0.079, 0.000, 0.116, 0.646, 6.7806125e-04
0.194, 0.044, 0.035, 0.017, 0.710, 6.0913257e-04
0.124, 0.009, 0.079, 0.149, 0.639, 6.9544567e-04
0.035, 0.114, 0.018, 0.199, 0.634, 7.1168891e-04
0.071, 0.097, 0.018, 0.116, 0.699, 6.3827744e-04
0.088, 0.079, 0.026, 0.050, 0.756, 5.8698759e-04
0.106, 0.018, 0.097, 0.149, 0.630, 7.0319910e-04
0.035, 0.079, 0.026, 0.232, 0.627, 7.2789503e-04
0.088, 0.000, 0.114, 0.017, 0.781, 5.6788230e-04
0.141, 0.070, 0.026, 0.033, 0.729, 6.0001614e-04
0.000, 0.132, 0.000, 0.033, 0.835, 5.4288178e-04
0.000, 0.000, 0.106, 0.099, 0.795, 5.7790430e-04
0.088, 0.097, 0.000, 0.083, 0.732, 6.0852901e-04
0.177, 0.053, 0.026, 0.099, 0.645, 6.7569079e-04
0.230, 0.062, 0.000, 0.000, 0.709, 6.0625316e-04
0.088, 0.044, 0.097, 0.083, 0.688, 6.3931184e-04
0.000, 0.088, 0.062, 0.182, 0.668, 6.8026407e-04
0.018, 0.009, 0.106, 0.033, 0.835, 5.4404399e-04
0.018, 0.132, 0.009, 0.232, 0.610, 7.4422176e-04
0.106, 0.000, 0.114, 0.099, 0.680, 6.5023623e-04
0.141, 0.053, 0.026, 0.017, 0.763, 5.7719542e-04
0.053, 0.018, 0.114, 0.083, 0.732, 6.1039511e-04
0.000, 0.150, 0.009, 0.099, 0.742, 6.0611955e-04
0.071, 0.079, 0.062, 0.017, 0.772, 5.7109632e-04
0.071, 0.114, 0.009, 0.199, 0.607, 7.3538690e-04
0.053, 0.097, 0.035, 0.182, 0.633, 7.0836282e-04
0.194, 0.079, 0.000, 0.000, 0.726, 5.9438644e-04
0.106, 0.035, 0.079, 0.149, 0.630, 7.0247337e-04
0.018, 0.079, 0.053, 0.050, 0.801, 5.6324592e-04
0.053, 0.088, 0.018, 0.182, 0.659, 6.8553244e-04
0.071, 0.026, 0.079, 0.083, 0.741, 6.0460268e-04
0.106, 0.070, 0.044, 0.066, 0.713, 6.1722791e-04
0.053, 0.044, 0.097, 0.033, 0.773, 5.7465616e-04
0.141, 0.097, 0.000, 0.000, 0.762, 5.7329972e-04
0.018, 0.106, 0.009, 0.182, 0.686, 6.6482627e-04
0.141, 0.009, 0.070, 0.000, 0.779, 5.6563561e-04
0.000, 0.106, 0.009, 0.149, 0.736, 6.2159592e-04
0.000, 0.018, 0.132, 0.133, 0.718, 6.3233009e-04
0.053, 0.114, 0.018, 0.033, 0.782, 5.6892257e-04
0.018, 0.044, 0.079, 0.083, 0.776, 5.8373746e-04
0.265, 0.026, 0.053, 0.000, 0.656, 6.4379635e-04
0.212, 0.018, 0.044, 0.017, 0.710, 6.1026736e-04
0.035, 0.141, 0.000, 0.066, 0.758, 5.8914050e-04
0.124, 0.044, 0.070, 0.033, 0.729, 6.0040670e-04
0.053, 0.070, 0.070, 0.033, 0.773, 5.7421380e-04
0.230, 0.009, 0.053, 0.017, 0.692, 6.2234958e-04
0.088, 0.062, 0.062, 0.066, 0.722, 6.1168243e-04
0.177, 0.026, 0.044, 0.033, 0.720, 6.0709298e-04
0.000, 0.053, 0.097, 0.149, 0.701, 6.4728097e-04
0.035, 0.062, 0.079, 0.066, 0.758, 5.9045336e-04
0.035, 0.009, 0.141, 0.133, 0.683, 6.5763661e-04
0.194, 0.009, 0.088, 0.000, 0.709, 6.0677661e-04
0.124, 0.062, 0.053, 0.083, 0.679, 6.4492491e-04
0.071, 0.009, 0.114, 0.017, 0.790, 5.6288536e-04
0.000, 0.035, 0.079, 0.166, 0.720, 6.3819475e-04
0.035, 0.000, 0.123, 0.033, 0.808, 5.5687802e-04
0.212, 0.053, 0.035, 0.017, 0.683, 6.2644246e-04
0.177, 0.079, 0.018, 0.033, 0.693, 6.2259217e-04
0.035, 0.106, 0.000, 0.066, 0.793, 5.7039053e-04
0.159, 0.026, 0.097, 0.017, 0.701, 6.1460601e-04
0.124, 0.106, 0.000, 0.133, 0.638, 6.8810126e-04
0.071, 0.035, 0.106, 0.149, 0.639, 6.9561142e-04
0.018, 0.018, 0.114, 0.116, 0.734, 6.1700794e-04
0.018, 0.070, 0.044, 0.033, 0.835, 5.4346284e-04
0.035, 0.035, 0.114, 0.050, 0.765, 5.8271798e-04
0.088, 0.035, 0.062, 0.050, 0.765, 5.8291288e-04
0.159, 0.009, 0.062, 0.066, 0.704, 6.2501289e-04
0.000, 0.070, 0.044, 0.149, 0.736, 6.2239244e-04
0.071, 0.053, 0.070, 0.066, 0.740, 6.0097914e-04
0.088, 0.114, 0.000, 0.182, 0.615, 7.2254690e-04
0.053, 0.009, 0.088, 0.166, 0.684, 6.6370857e-04
0.000, 0.044, 0.088, 0.149, 0.719, 6.3481064e-04
0.053, 0.062, 0.053, 0.017, 0.816, 5.4909271e-04
0.159, 0.053, 0.044, 0.066, 0.678, 6.4195637e-04
0.018, 0.088, 0.062, 0.116, 0.717, 6.2723065e-04
0.088, 0.018, 0.088, 0.033, 0.773, 5.7532136e-04
0.071, 0.070, 0.035, 0.033, 0.791, 5.6513275e-04
0.247, 0.026, 0.070, 0.000, 0.656, 6.4334535e-04
0.035, 0.053, 0.062, 0.133, 0.718, 6.3079793e-04
0.000, 0.114, 0.018, 0.182, 0.686, 6.6521159e-04
0.053, 0.141, 0.009, 0.116, 0.681, 6.5023303e-04
0.159, 0.079, 0.000, 0.133, 0.629, 6.9622425e-04
0.141, 0.026, 0.070, 0.116, 0.646, 6.8020908e-04
0.194, 0.044, 0.035, 0.033, 0.693, 6.2382201e-04
0.159, 0.114, 0.000, 0.066, 0.660, 6.5296637e-04
0.106, 0.114, 0.000, 0.066, 0.713, 6.1611919e-04
0.018, 0.053, 0.088, 0.215, 0.626, 7.2677813e-04
0.000, 0.009, 0.123, 0.033, 0.835, 5.4392217e-04
0.106, 0.053, 0.062, 0.133, 0.647, 6.8311074e-04
0.035, 0.026, 0.097, 0.050, 0.792, 5.6849621e-04
0.000, 0.079, 0.053, 0.166, 0.702, 6.4971859e-04
0.035, 0.088, 0.044, 0.116, 0.717, 6.2682851e-04
0.124, 0.026, 0.079, 0.050, 0.721, 6.0944456e-04
0.053, 0.035, 0.070, 0.149, 0.692, 6.5301319e-04
0.106, 0.088, 0.018, 0.166, 0.623, 7.1158648e-04
0.018, 0.114, 0.026, 0.133, 0.709, 6.3582546e-04
0.124, 0.079, 0.035, 0.133, 0.629, 6.9678655e-04
0.018, 0.026, 0.132, 0.116, 0.708, 6.3475202e-04
0.071, 0.097, 0.018, 0.133, 0.682, 6.5419087e-04
0.106, 0.018, 0.106, 0.000, 0.771, 5.6934842e-04
0.124, 0.009, 0.079, 0.166, 0.623, 7.1471943e-04
0.088, 0.079, 0.026, 0.066, 0.740, 6.0047072e-04
0.035, 0.079, 0.026, 0.249, 0.611, 7.4867612e-04
0.035, 0.114, 0.018, 0.215, 0.617, 7.3174215e-04
0.000, 0.000, 0.106, 0.116, 0.778, 5.9071503e-04
0.141, 0.070, 0.026, 0.050, 0.712, 6.1415972e-04
0.000, 0.132, 0.000, 0.050, 0.818, 5.5403136e-04
0.088, 0.000, 0.114, 0.033, 0.764, 5.8041009e-04
0.088, 0.097, 0.000, 0.099, 0.715, 6.2292497e-04
0.141, 0.053, 0.026, 0.033, 0.746, 5.9011303e-04
0.088, 0.044, 0.097, 0.099, 0.671, 6.5574424e-04
0.071, 0.114, 0.018, 0.000, 0.797, 5.5417634e-04
0.018, 0.132, 0.009, 0.249, 0.593, 7.6616312e-04
0.018, 0.009, 0.106, 0.050, 0.818, 5.5535526e-04
0.053, 0.018, 0.114, 0.099, 0.716, 6.2504917e-04
0.018, 0.106, 0.009, 0.199, 0.669, 6.8200138e-04
0.053, 0.097, 0.035, 0.199, 0.616, 7.2832289e-04
0.230, 0.062, 0.000, 0.017, 0.692, 6.2073721e-04
0.000, 0.088, 0.062, 0.199, 0.652, 6.9854102e-04
0.000, 0.150, 0.009, 0.116, 0.726, 6.2043201e-04
0.141, 0.097, 0.000, 0.017, 0.745, 5.8607835e-04
0.106, 0.000, 0.114, 0.116, 0.664, 6.6715146e-04
0.106, 0.035, 0.088, 0.000, 0.771, 5.6902028e-04
0.177, 0.053, 0.026, 0.116, 0.628, 6.9390784e-04
0.124, 0.062, 0.053, 0.099, 0.662, 6.6156844e-04
0.265, 0.035, 0.018, 0.000, 0.682, 6.2499375e-04
0.053, 0.044, 0.097, 0.050, 0.756, 5.8757255e-04
0.088, 0.062, 0.062, 0.083, 0.706, 6.2649693e-04
0.018, 0.079, 0.053, 0.066, 0.784, 5.7550728e-04
0.212, 0.018, 0.044, 0.033, 0.693, 6.2497792e-04
0.053, 0.114, 0.018, 0.050, 0.765, 5.8147651e-04
0.053, 0.070, 0.070, 0.050, 0.756, 5.8712547e-04
0.035, 0.009, 0.141, 0.149, 0.666, 6.7502495e-04
0.106, 0.070, 0.044, 0.083, 0.697, 6.3224788e-04
0.000, 0.035, 0.079, 0.182, 0.703, 6.5401564e-04
0.018, 0.044, 0.079, 0.099, 0.760, 5.9701770e-04
0.053, 0.088, 0.018, 0.199, 0.643, 7.0387689e-04
0.230, 0.009, 0.053, 0.033, 0.676, 6.3772499e-04
0.071, 0.079, 0.062, 0.033, 0.755, 5.8393139e-04
0.000, 0.106, 0.009, 0.166, 0.720, 6.3643382e-04
0.194, 0.009, 0.088, 0.017, 0.692, 6.2139129e-04
0.124, 0.044, 0.070, 0.050, 0.712, 6.1467807e-04
0.035, 0.000, 0.123, 0.050, 0.792, 5.6880820e-04
0.000, 0.053, 0.097, 0.166, 0.685, 6.6383429e-04
0.035, 0.141, 0.000, 0.083, 0.741, 6.0260545e-04
0.088, 0.035, 0.062, 0.066, 0.749, 5.9608344e-04
0.035, 0.035, 0.114, 0.066, 0.749, 5.9613018e-04
0.141, 0.009, 0.070, 0.017, 0.763, 5.7805042e-04
0.035, 0.062, 0.079, 0.083, 0.741, 6.0409308e-04
0.177, 0.079, 0.018, 0.050, 0.677, 6.3797959e-04
0.000, 0.018, 0.132, 0.149, 0.701, 6.4816212e-04
0.071, 0.009, 0.114, 0.033, 0.773, 5.7524843e-04
0.194, 0.079, 0.000, 0.017, 0.710, 6.0822314e-04
0.124, 0.106, 0.000, 0.149, 0.622, 7.0696413e-04
0.018, 0.018, 0.114, 0.133, 0.718, 6.3191953e-04
0.000, 0.044, 0.088, 0.166, 0.702, 6.5058932e-04
0.071, 0.026, 0.079, 0.099, 0.724, 6.1894283e-04
0.035, 0.106, 0.000, 0.083, 0.776, 5.8276002e-04
0.071, 0.053, 0.070, 0.083, 0.723, 6.1516472e-04
0.212, 0.053, 0.035, 0.033, 0.667, 6.4216007e-04
0.159, 0.026, 0.097, 0.033, 0.685, 6.2984657e-04
0.159, 0.009, 0.070, 0.000, 0.762, 5.7530256e-04
0.071, 0.044, 0.044, 0.000, 0.841, 5.3471780e-04
0.177, 0.026, 0.044, 0.050, 0.703, 6.2149475e-04
0.000, 0.114, 0.018, 0.199, 0.669, 6.8255037e-04
0.053, 0.009, 0.097, 0.000, 0.841, 5.3468212e-04
0.088, 0.114, 0.000, 0.199, 0.598, 7.4343205e-04
0.018, 0.053, 0.088, 0.232, 0.610, 7.4792197e-04
0.000, 0.070, 0.044, 0.166, 0.720, 6.3729312e-04
0.141, 0.026, 0.070, 0.133, 0.629, 6.9873987e-04
0.247, 0.035, 0.018, 0.000, 0.700, 6.1301440e-04
0.000, 0.079, 0.053, 0.182, 0.686, 6.6625311e-04
0.035, 0.088, 0.044, 0.133, 0.700, 6.4227638e-04
0.018, 0.070, 0.044, 0.050, 0.818, 5.5465247e-04
0.071, 0.070, 0.035, 0.050, 0.774, 5.7735916e-04
0.053, 0.141, 0.009, 0.133, 0.665, 6.6701108e-04
0.159, 0.079, 0.000, 0.149, 0.613, 7.1552682e-04
0.018, 0.088, 0.062, 0.133, 0.700, 6.4272671e-04
0.035, 0.053, 0.062, 0.149, 0.701, 6.4641712e-04
0.053, 0.062, 0.053, 0.033, 0.799, 5.6068178e-04
0.159, 0.114, 0.000, 0.083, 0.644, 6.7006864e-04
0.088, 0.018, 0.088, 0.050, 0.756, 5.8824193e-04
0.106, 0.114, 0.000, 0.083, 0.697, 6.3108223e-04
0.159, 0.053, 0.044, 0.083, 0.661, 6.5835029e-04
0.194, 0.044, 0.035, 0.050, 0.677, 6.3924934e-04
0.124, 0.026, 0.079, 0.066, 0.704, 6.2417283e-04
0.035, 0.026, 0.097, 0.066, 0.775, 5.8100077e-04
0.018, 0.114, 0.026, 0.149, 0.692, 6.5166077e-04
0.053, 0.035, 0.070, 0.166, 0.676, 6.6980984e-04
0.000, 0.009, 0.123, 0.050, 0.818, 5.5522252e-04
0.106, 0.053, 0.062, 0.149, 0.630, 7.0168532e-04
0.035, 0.079, 0.026, 0.265, 0.594, 7.7075399e-04
0.018, 0.026, 0.132, 0.133, 0.691, 6.5084043e-04
0.124, 0.079, 0.044, 0.000, 0.753, 5.7811603e-04
0.106, 0.088, 0.018, 0.182, 0.606, 7.3177564e-04
0.106, 0.018, 0.106, 0.017, 0.754, 5.8208635e-04
0.088, 0.079, 0.026, 0.083, 0.723, 6.1453217e-04
0.124, 0.009, 0.088, 0.000, 0.779, 5.6519692e-04
0.071, 0.097, 0.018, 0.149, 0.666, 6.7106915e-04
0.035, 0.114, 0.018, 0.232, 0.601, 7.5301741e-04
0.000, 0.000, 0.106, 0.133, 0.762, 6.0409348e-04
0.000, 0.132, 0.000, 0.066, 0.802, 5.6565593e-04
0.088, 0.000, 0.114, 0.050, 0.748, 5.9367698e-04
0.141, 0.070, 0.026, 0.066, 0.696, 6.2897290e-04
0.141, 0.053, 0.026, 0.050, 0.730, 6.0362640e-04
0.088, 0.097, 0.000, 0.116, 0.699, 6.3804479e-04
0.018, 0.132, 0.018, 0.000, 0.833, 5.3721496e-04
0.088, 0.044, 0.097, 0.116, 0.655, 6.7307941e-04
0.071, 0.114, 0.018, 0.017, 0.781, 5.6601537e-04
0.018, 0.106, 0.009, 0.215, 0.653, 7.0014978e-04
0.018, 0.009, 0.106, 0.066, 0.802, 5.6710536e-04
0.124, 0.062, 0.053, 0.116, 0.646, 6.7908929e-04
0.177, 0.053, 0.035, 0.000, 0.735, 5.8938555e-04
0.000, 0.106, 0.009, 0.182, 0.703, 6.5210017e-04
0.053, 0.097, 0.044, 0.000, 0.806, 5.4991091e-04
0.000, 0.150, 0.009, 0.133, 0.709, 6.3554717e-04
0.230, 0.062, 0.000, 0.033, 0.676, 6.3596579e-04
0.018, 0.044, 0.079, 0.116, 0.743, 6.1076770e-04
0.106, 0.035, 0.088, 0.017, 0.754, 5.8178082e-04
0.053, 0.018, 0.114, 0.116, 0.699, 6.4061377e-04
0.035, 0.035, 0.114, 0.083, 0.732, 6.1013373e-04
0.106, 0.070, 0.044, 0.099, 0.680, 6.4809379e-04
0.265, 0.035, 0.018, 0.017, 0.666, 6.4052668e-04
0.141, 0.097, 0.000, 0.033, 0.729, 5.9945100e-04
0.053, 0.114, 0.018, 0.066, 0.749, 5.9457104e-04
0.000, 0.088, 0.062, 0.215, 0.635, 7.1795737e-04
0.035, 0.000, 0.123, 0.066, 0.775, 5.8137975e-04
0.000, 0.018, 0.132, 0.166, 0.685, 6.6485865e-04
0.088, 0.062, 0.062, 0.099, 0.689, 6.4209255e-04
0.194, 0.009, 0.088, 0.033, 0.676, 6.3702191e-04
0.106, 0.000, 0.114, 0.133, 0.647, 6.8499641e-04
0.000, 0.035, 0.079, 0.199, 0.687, 6.7071986e-04
0.071, 0.009, 0.114, 0.050, 0.756, 5.8824342e-04
0.053, 0.070, 0.070, 0.066, 0.740, 6.0070928e-04
0.194, 0.079, 0.000, 0.033, 0.693, 6.2283571e-04
0.053, 0.044, 0.097, 0.066, 0.740, 6.0116273e-04
0.071, 0.026, 0.079, 0.116, 0.708, 6.3391203e-04
0.035, 0.009, 0.141, 0.166, 0.649, 6.9327619e-04
0.053, 0.088, 0.018, 0.215, 0.626, 7.2341640e-04
0.018, 0.079, 0.053, 0.083, 0.767, 5.8825114e-04
0.212, 0.018, 0.044, 0.050, 0.677, 6.4050241e-04
0.124, 0.044, 0.070, 0.066, 0.696, 6.2968977e-04
0.035, 0.106, 0.000, 0.099, 0.760, 5.9584996e-04
0.000, 0.053, 0.097, 0.182, 0.668, 6.8137292e-04
0.124, 0.106, 0.000, 0.166, 0.605, 7.2695370e-04
0.212, 0.053, 0.035, 0.050, 0.650, 6.5869642e-04
0.230, 0.009, 0.053, 0.050, 0.659, 6.5398064e-04
0.071, 0.079, 0.062, 0.050, 0.739, 5.9730297e-04
0.177, 0.026, 0.044, 0.066, 0.687, 6.3673292e-04
0.071, 0.044, 0.044, 0.017, 0.825, 5.4546362e-04
0.141, 0.026, 0.079, 0.000, 0.753, 5.7930516e-04
0.000, 0.044, 0.088, 0.182, 0.686, 6.6723593e-04
0.088, 0.035, 0.062, 0.083, 0.732, 6.0989846e-04
0.071, 0.053, 0.070, 0.099, 0.707, 6.3004847e-04
0.159, 0.026, 0.097, 0.050, 0.668, 6.4591200e-04
0.018, 0.088, 0.062, 0.149, 0.684, 6.5905672e-04
0.177, 0.079, 0.018, 0.066, 0.660, 6.5416360e-04
0.053, 0.009, 0.097, 0.017, 0.825, 5.4559233e-04
0.088, 0.114, 0.009, 0.000, 0.788, 5.5871340e-04
0.035, 0.141, 0.000, 0.099, 0.724, 6.1676467e-04
0.035, 0.062, 0.079, 0.099, 0.724, 6.1843465e-04
0.000, 0.114, 0.018, 0.215, 0.653, 7.0071134e-04
0.035, 0.088, 0.044, 0.149, 0.684, 6.5849753e-04
0.159, 0.053, 0.044, 0.099, 0.645, 6.7570333e-04
0.141, 0.009, 0.070, 0.033, 0.746, 5.9102084e-04
0.159, 0.114, 0.000, 0.099, 0.627, 6.8810410e-04
0.247, 0.035, 0.018, 0.017, 0.683, 6.2786544e-04
0.000, 0.079, 0.053, 0.199, 0.669, 6.8365110e-04
0.159, 0.009, 0.070, 0.017, 0.745, 5.8816084e-04
0.159, 0.079, 0.009, 0.000, 0.753, 5.7868900e-04
0.071, 0.070, 0.035, 0.066, 0.757, 5.9024700e-04
0.018, 0.018, 0.114, 0.149, 0.701, 6.4770438e-04
0.018, 0.070, 0.044, 0.066, 0.802, 5.6632825e-04
0.018, 0.053, 0.097, 0.000, 0.833, 5.3784123e-04
0.000, 0.070, 0.044, 0.182, 0.703, 6.5307800e-04
0.106, 0.053, 0.070, 0.000, 0.771, 5.6881712e-04
0.124, 0.026, 0.079, 0.083, 0.688, 6.3963712e-04
0.035, 0.053, 0.062, 0.166, 0.685, 6.6270101e-04
0.053, 0.141, 0.009, 0.149, 0.648, 6.8470772e-04
0.088, 0.018, 0.088, 0.066, 0.740, 6.0173990e-04
0.194, 0.044, 0.035, 0.066, 0.660, 6.5554462e-04
0.053, 0.062, 0.053, 0.050, 0.783, 5.7270897e-04
0.018, 0.026, 0.132, 0.149, 0.675, 6.6782834e-04
0.053, 0.035, 0.070, 0.182, 0.659, 6.8736420e-04
0.018, 0.114, 0.026, 0.166, 0.676, 6.6833410e-04
0.088, 0.079, 0.026, 0.099, 0.707, 6.2925840e-04
0.000, 0.009, 0.123, 0.066, 0.802, 5.6709778e-04
0.035, 0.026, 0.097, 0.083, 0.759, 5.9412879e-04
0.035, 0.079, 0.035, 0.000, 0.850, 5.2998725e-04
0.124, 0.079, 0.044, 0.017, 0.737, 5.9122995e-04
0.071, 0.097, 0.018, 0.166, 0.649, 6.8880068e-04
0.106, 0.088, 0.026, 0.000, 0.780, 5.6363519e-04
0.106, 0.114, 0.000, 0.099, 0.680, 6.4675146e-04
0.106, 0.018, 0.106, 0.033, 0.738, 5.9539590e-04
0.035, 0.114, 0.026, 0.000, 0.824, 5.4141225e-04
0.124, 0.009, 0.088, 0.017, 0.763, 5.7766885e-04
0.000, 0.000, 0.114, 0.017, 0.869, 5.2565477e-04
0.000, 0.132, 0.000, 0.083, 0.785, 5.7786061e-04
0.141, 0.053, 0.026, 0.066, 0.713, 6.1783997e-04
0.141, 0.070, 0.026, 0.083, 0.679, 6.4466094e-04
0.018, 0.132, 0.018, 0.017, 0.816, 5.4820341e-04
0.088, 0.000, 0.114, 0.066, 0.731, 6.0754852e-04
0.088, 0.097, 0.000, 0.133, 0.682, 6.5391422e-04
0.088, 0.044, 0.097, 0.133, 0.638, 6.9140345e-04
0.124, 0.062, 0.053, 0.133, 0.629, 6.9760703e-04
0.071, 0.114, 0.018, 0.033, 0.764, 5.7842822e-04
0.018, 0.009, 0.106, 0.083, 0.785, 5.7943178e-04
0.177, 0.053, 0.035, 0.017, 0.719, 6.0308337e-04
0.053, 0.018, 0.114, 0.133, 0.682, 6.5690164e-04
0.000, 0.106, 0.009, 0.199, 0.687, 6.6863843e-04
0.230, 0.062, 0.000, 0.050, 0.659, 6.5198768e-04
0.124, 0.044, 0.070, 0.083, 0.679, 6.4550387e-04
0.018, 0.106, 0.009, 0.232, 0.636, 7.1937358e-04
0.018, 0.044, 0.079, 0.133, 0.727, 6.2536486e-04
0.106, 0.035, 0.088, 0.033, 0.738, 5.9509282e-04
0.000, 0.018, 0.132, 0.182, 0.668, 6.8246762e-04
0.194, 0.009, 0.088, 0.050, 0.659, 6.5336228e-04
0.265, 0.035, 0.018, 0.033, 0.649, 6.5686513e-04
0.159, 0.026, 0.097, 0.066, 0.651, 6.6283198e-04
0.053, 0.097, 0.044, 0.017, 0.790, 5.6165067e-04
0.000, 0.150, 0.009, 0.149, 0.692, 6.5152387e-04
0.053, 0.088, 0.018, 0.232, 0.609, 7.4404320e-04
0.141, 0.097, 0.000, 0.050, 0.712, 6.1351175e-04
0.071, 0.026, 0.079, 0.133, 0.691, 6.4974150e-04
0.194, 0.079, 0.000, 0.050, 0.677, 6.3808149e-04
0.035, 0.000, 0.123, 0.083, 0.759, 5.9458110e-04
0.053, 0.044, 0.097, 0.083, 0.723, 6.1543767e-04
0.000, 0.035, 0.079, 0.215, 0.670, 6.8827442e-04
0.212, 0.053, 0.035, 0.066, 0.634, 6.7620016e-04
0.035, 0.035, 0.114, 0.099, 0.716, 6.2483169e-04
0.000, 0.088, 0.062, 0.232, 0.618, 7.3844707e-04
0.071, 0.009, 0.114, 0.066, 0.740, 6.0185908e-04
0.106, 0.070, 0.044, 0.116, 0.664, 6.6478059e-04
0.088, 0.062, 0.062, 0.116, 0.672, 6.5838402e-04
0.071, 0.044, 0.044, 0.033, 0.808, 5.5671566e-04
0.053, 0.070, 0.070, 0.083, 0.723, 6.1489876e-04
0.053, 0.009, 0.097, 0.033, 0.808, 5.5696528e-04
0.035, 0.106, 0.000, 0.116, 0.743, 6.0934514e-04
0.106, 0.000, 0.114, 0.149, 0.630, 7.0392715e-04
0.035, 0.009, 0.141, 0.182, 0.633, 7.1271705e-04
0.212, 0.018, 0.044, 0.066, 0.660, 6.5676088e-04
0.018, 0.088, 0.062, 0.166, 0.667, 6.7629310e-04
0.000, 0.053, 0.097, 0.199, 0.652, 6.9984566e-04
0.071, 0.053, 0.070, 0.116, 0.690, 6.4578502e-04
0.088, 0.035, 0.062, 0.099, 0.715, 6.2444203e-04
0.035, 0.141, 0.000, 0.116, 0.708, 6.3159960e-04
0.159, 0.009, 0.070, 0.033, 0.729, 6.0168617e-04
0.035, 0.088, 0.044, 0.166, 0.667, 6.7562783e-04
0.141, 0.009, 0.070, 0.050, 0.730, 6.0469696e-04
0.018, 0.079, 0.053, 0.099, 0.751, 6.0162230e-04
0.053, 0.114, 0.018, 0.083, 0.732, 6.0836056e-04
0.124, 0.106, 0.009, 0.000, 0.762, 5.7285218e-04
0.000, 0.114, 0.018, 0.232, 0.636, 7.2005970e-04
0.071, 0.079, 0.062, 0.066, 0.722, 6.1138208e-04
0.247, 0.035, 0.018, 0.033, 0.667, 6.4344076e-04
0.159, 0.053, 0.044, 0.116, 0.628, 6.9400064e-04
0.035, 0.062, 0.079, 0.116, 0.708, 6.3356497e-04
0.177, 0.026, 0.044, 0.083, 0.670, 6.5275205e-04
0.018, 0.018, 0.114, 0.166, 0.685, 6.6425282e-04
0.159, 0.114, 0.009, 0.000, 0.718, 5.9824594e-04
0.000, 0.079, 0.053, 0.215, 0.653, 7.0203726e-04
0.141, 0.026, 0.079, 0.017, 0.736, 5.9253681e-04
0.177, 0.079, 0.018, 0.083, 0.644, 6.7131770e-04
0.053, 0.141, 0.009, 0.166, 0.632, 7.0342413e-04
0.230, 0.009, 0.053, 0.066, 0.642, 6.7105055e-04
0.159, 0.079, 0.009, 0.017, 0.736, 5.9170221e-04
0.106, 0.053, 0.070, 0.017, 0.754, 5.8144292e-04
0.000, 0.044, 0.088, 0.199, 0.669, 6.8482931e-04
0.124, 0.026, 0.079, 0.099, 0.671, 6.5596452e-04
0.035, 0.053, 0.062, 0.182, 0.668, 6.7995861e-04
0.071, 0.070, 0.035, 0.083, 0.741, 6.0373926e-04
0.035, 0.026, 0.097, 0.099, 0.742, 6.0784294e-04
0.088, 0.114, 0.009, 0.017, 0.772, 5.7075708e-04
0.000, 0.009, 0.123, 0.083, 0.785, 5.7955650e-04
0.053, 0.062, 0.053, 0.066, 0.766, 5.8536688e-04
0.000, 0.070, 0.044, 0.199, 0.687, 6.6965362e-04
0.018, 0.053, 0.097, 0.017, 0.816, 5.4895689e-04
0.088, 0.018, 0.088, 0.083, 0.723, 6.1588261e-04
0.018, 0.114, 0.026, 0.182, 0.659, 6.8595574e-04
0.018, 0.026, 0.132, 0.166, 0.658, 6.8572795e-04
0.018, 0.070, 0.044, 0.083, 0.785, 5.7857518e-04
0.035, 0.079, 0.035, 0.017, 0.834, 5.4057833e-04
0.088, 0.079, 0.026, 0.116, 0.690, 6.4477294e-04
0.124, 0.079, 0.044, 0.033, 0.720, 6.0508024e-04
0.194, 0.044, 0.035, 0.083, 0.644, 6.7263214e-04
0.053, 0.035, 0.070, 0.199, 0.643, 7.0609297e-04
0.106, 0.018, 0.106, 0.050, 0.721, 6.0955372e-04
0.071, 0.097, 0.018, 0.182, 0.633, 7.0756851e-04
0.106, 0.114, 0.000, 0.116, 0.664, 6.6332024e-04
0.106, 0.088, 0.026, 0.017, 0.763, 5.7602277e-04
0.124, 0.009, 0.088, 0.033, 0.746, 5.9071644e-04
0.035, 0.114, 0.026, 0.017, 0.807, 5.5263911e-04
0.141, 0.070, 0.026, 0.099, 0.662, 6.6115872e-04
0.000, 0.000, 0.114, 0.033, 0.852, 5.3608400e-04
0.000, 0.132, 0.000, 0.099, 0.769, 5.9063771e-04
0.088, 0.000, 0.114, 0.083, 0.714, 6.2211226e-04
0.018, 0.132, 0.018, 0.033, 0.800, 5.5972831e-04
0.018, 0.009, 0.106, 0.099, 0.769, 5.9248354e-04
0.141, 0.053, 0.026, 0.083, 0.697, 6.3276858e-04
0.088, 0.053, 0.035, 0.000, 0.824, 5.4265078e-04
0.124, 0.062, 0.062, 0.000, 0.753, 5.7837566e-04
0.265, 0.035, 0.018, 0.050, 0.632, 6.7419020e-04
0.000, 0.106, 0.009, 0.215, 0.670, 6.8588796e-04
0.071, 0.114, 0.018, 0.050, 0.748, 5.9146518e-04
0.177, 0.053, 0.035, 0.033, 0.702, 6.1748148e-04
0.053, 0.018, 0.114, 0.149, 0.666, 6.7415416e-04
0.000, 0.088, 0.062, 0.249, 0.602, 7.6015897e-04
0.035, 0.035, 0.114, 0.116, 0.699, 6.4045415e-04
0.194, 0.009, 0.088, 0.066, 0.643, 6.7060994e-04
0.212, 0.018, 0.044, 0.083, 0.643, 6.7385838e-04
0.124, 0.044, 0.070, 0.099, 0.662, 6.6212395e-04
0.000, 0.018, 0.132, 0.199, 0.652, 7.0108345e-04
0.141, 0.097, 0.000, 0.066, 0.696, 6.2829622e-04
0.088, 0.097, 0.000, 0.149, 0.666, 6.7073220e-04
0.053, 0.088, 0.018, 0.249, 0.593, 7.6593375e-04
0.018, 0.044, 0.079, 0.149, 0.710, 6.4060371e-04
0.000, 0.035, 0.079, 0.232, 0.654, 7.0688867e-04
0.071, 0.009, 0.114, 0.083, 0.723, 6.1616779e-04
0.035, 0.000, 0.123, 0.099, 0.742, 6.0844011e-04
0.212, 0.053, 0.044, 0.000, 0.691, 6.1720816e-04
0.159, 0.035, 0.035, 0.000, 0.771, 5.7011904e-04
0.018, 0.106, 0.009, 0.249, 0.619, 7.3959502e-04
0.035, 0.106, 0.000, 0.133, 0.727, 6.2361361e-04
0.194, 0.079, 0.000, 0.066, 0.660, 6.5424947e-04
0.071, 0.026, 0.079, 0.149, 0.675, 6.6643229e-04
0.106, 0.035, 0.088, 0.050, 0.721, 6.0907909e-04
0.053, 0.044, 0.097, 0.099, 0.707, 6.3051776e-04
0.088, 0.062, 0.062, 0.133, 0.656, 6.7577489e-04
0.000, 0.150, 0.009, 0.166, 0.676, 6.6807778e-04
0.230, 0.062, 0.000, 0.066, 0.642, 6.6889713e-04
0.018, 0.088, 0.062, 0.182, 0.650, 6.9444901e-04
0.106, 0.000, 0.123, 0.000, 0.771, 5.6964222e-04
0.071, 0.079, 0.062, 0.083, 0.706, 6.2639998e-04
0.053, 0.097, 0.044, 0.033, 0.773, 5.7389116e-04
0.018, 0.079, 0.053, 0.116, 0.734, 6.1571609e-04
0.000, 0.114, 0.018, 0.249, 0.619, 7.4041974e-04
0.247, 0.035, 0.018, 0.050, 0.650, 6.5994127e-04
0.035, 0.018, 0.079, 0.017, 0.851, 5.3345022e-04
0.071, 0.044, 0.044, 0.050, 0.792, 5.6856394e-04
0.106, 0.070, 0.044, 0.133, 0.647, 6.8237239e-04
